"x"
1843030
1844280
1849295
1855045
1858465
1859280
1868395
1869395
1870290
1877205
1878905
1885305
1886280
2019055
2020020
2022335
2023085
2028045
2035030
2044755
2046125
2048990
2049990
2051045
2051775
2052525
2053160
2053895
2058335
2059475
2077395
2077895
2081940
2084350
2087280
2090300
2091290
2094110
2096765
2145355
2146350
2146845
2147415
2148430
2150745
2151305
2151805
2153100
2156825
2157460
2157835
2159455
2160250
2161500
2161955
2164890
2165590
2167670
2169885
2174530
2177315
2178660
2179750
2180885
2181475
2182980
2186800
2187430
2188165
2190175
2192080
2194360
2194900
2195785
2196485
2200170
2200745
2202015
2206390
2207240
2207745
2208530
2211050
2213935
2214735
2215220
2217025
2218750
2220070
2222200
2222705
2223835
2224760
2225325
2225945
2233510
2234005
2234485
2235180
2236370
2236865
2238700
2245470
2247940
2248575
2249435
2250220
2251980
2252700
2257885
2259555
2261390
2262055
2264360
2266635
2267670
2270055
2270725
2272160
2272595
2273055
2273535
2274230
2274820
2275550
2280805
2284375
2284830
2286210
2286820
2288740
2290945
2292655
2297790
2299070
2305545
2310245
2310980
2311570
2312230
2313625
2316750
2433455
2441750
2452365
2453715
2476805
2478315
2480640
2484990
2486380
2497625
2498740
2506630
2512425
2512955
2513440
2534575
2535620
2536725
2537555
2543085
2571525
2862765
2920785
2921390
2921875
2922430
2922925
2923390
2923845
2924390
2925040
2925825
2926845
2928060
2931425
2933990
2934900
2938890
2942720
2944120
2944780
2945920
2948315
2948765
2949810
2950280
2950700
2953530
2957425
3382955
3443885
3574180
3575770
3576590
3578980
3581600
3583325
3715300
3717325
3718450
3842600
3851010
3863145
3868810
3872310
4659870
4661850
4672000
4675770
4676945
4680405
4685525
4703610
4710760
4714980
4715315
4722255
4724865
4731175
4733885
4798935
4810520
4827725
4831225
4834635
4849265
4856540
4857990
4861445
5020490
5026155
5026680
5035640
5036215
5048250
5053820
5059330
5060505
5061940
5064300
5064545
5068450
5071220
5076460
5078300
5079575
5080780
5081570
5083235
5090570
5091730
5093980
5100205
5105050
5106005
5106430
5107495
5109565
5164325
5169860
5199470
5208545
5227165
5247030
5256585
5257790
5260080
5262005
5280035
5286900
5288065
5289385
5289795
5291780
5292555
5293490
5306130
5311160
5312435
5312740
5313345
5315600
5321185
5321965
5326515
5328110
5330335
5330655
5358020
5360285
5482980
5483420
5499930
5503510
5507960
5508985
5511110
5511625
5512960
5514920
5516570
5522790
5523025
5526285
5529860
5531555
5532265
5534485
5536135
5542270
5547245
5550090
5556565
5558635
5558990
5564845
5565995
5566890
5568130
5570490
5580120
5580995
5583080
5587410
5587975
5591040
5596145
5602485
5603210
5604725
5606460
5608225
5614760
5623850
5836990
5885705
5887975
5888470
5897450
5899995
5907965
5910000
5913310
5925570
5926210
5927920
6144810
6146685
6148015
6152160
6154125
6162570
6164550
6165620
6166520
6170165
6171330
6172430
6173465
6175280
6179125
6180240
6180945
6182260
6185075
6185980
6186535
6187270
6189055
6189775
6190360
6190965
6191485
6192340
6194240
6200245
6201830
6202515
6204250
6204905
6207855
6208750
6321945
6324010
6328335
6329060
6331600
6332065
6334950
6340300
6340755
6343350
6343880
6344855
6346505
6348870
6349175
6353175
6353510
6354965
6356080
6357490
6358910
6364330
6372380
6376110
6376700
6377570
6390090
6392285
6399735
6401560
6403810
6404790
6405980
6406900
6407325
6409385
6410700
6411715
6415235
6415945
6428510
6431340
6439935
6440335
6445605
6448385
6450935
6453235
6482730
6490780
6493955
6495840
6503525
6504255
6505785
6518100
6520285
6522275
6532690
6537125
6539650
6541075
6550755
6555025
6555570
6556375
6561885
6568450
6571020
6579285
6582670
6589670
6591450
6592375
6593510
6593935
6600495
6602320
6608820
6609190
6611000
6611720
6612625
6618370
6620830
6641415
6642610
6643270
6654375
6671665
6677935
6752215
6752675
6753065
6759495
6761330
6770800
6771820
6773180
6775075
6775380
6776510
6788685
6794180
6794435
6796210
6796585
6801210
6802420
6803325
6804180
6806980
6808315
6809980
6811545
6812855
6814320
6817295
6817760
6819570
6823240
6827290
6828390
6831505
6832140
6832800
6835940
6840365
6847130
6848020
6849105
6851630
6853645
6854460
6860930
6861670
6864515
6865575
6867245
6868920
6874020
6877905
6887890
6890315
6898275
6905125
6907305
6910825
6911480
6911770
6914705
6918290
6919005
6930660
6937220
6939610
6943255
6944405
6944905
6948410
6949230
6949820
6953600
6955000
6959725
6961275
6968355
6969215
6970655
6972675
6975615
6977470
6983700
6984005
6995690
7006230
7008145
7024780
7031970
7100345
7124670
7126535
7177950
7179735
7183325
7185200
7188355
7192560
7195225
7196110
7199390
7199825
7201610
7201975
7202415
7204645
7205000
7205780
7217230
7218240
7218515
7219265
7219575
7220930
7221390
7228370
7233005
7236710
7241000
7241190
7241955
7244835
7294410
7299305
7314075
7339710
7356025
7535275
7570275
7582050
7588225
7589625
7591820
7594155
7595250
7597270
7599115
7603420
7604085
7604625
7605335
7606170
7606755
7607540
7608460
7610090
7611270
7616415
7616795
7620295
7620925
7622600
7623080
7625745
7628520
7629335
7635705
7636705
7637310
7644420
7645800
7646110
7648000
7649110
7653850
7654295
7654675
7655385
7657510
7660060
7662305
7663180
7663560
7664995
7666870
7669020
7669490
7670450
7670760
7672015
7674615
7675650
7676870
7677270
7677820
7679040
7681370
7686355
7690015
7692410
7693425
7699065
7700220
7705895
7709380
7711610
7716300
7717040
7717240
7717825
7718985
7719615
7720590
7720905
7721675
7722830
7724010
7725130
7726590
7727530
7728220
7728585
7730380
7731550
7732375
7735620
7736300
7737175
7743105
7747480
7753205
7755150
7756730
7757340
7758275
7759495
7779885
7785185
7787830
7817425
7826790
7827670
7828120
7829515
7830440
7833635
7834675
7835800
7837340
7843920
7914310
7937585
8030270
8043760
8047520
8048425
8050160
8050575
8051075
8057030
8060850
8070775
8071945
8074010
8079655
8086265
8087210
8088355
8089440
8093225
8095175
8095945
8097915
8099465
8100055
8103120
8105630
8109375
8110165
8111910
8112770
8114695
8116360
8118345
8118940
8122330
8123330
8126570
8133010
8142045
8143185
8146470
8149895
8150145
8152280
8155065
8157590
8159755
8160510
8163950
8164150
8168170
8169485
8171130
8173415
8177190
8178560
8189985
8191705
8193960
8195125
8196350
8198040
8199065
8199390
8204125
8205510
8208590
8209330
8210230
8210535
8214560
8214810
8216040
8216905
8217145
8219870
8223950
8227725
8230935
8231285
8231470
8235905
8236760
8238150
8241930
8248390
8248900
8249300
8253395
8254100
8254930
8255405
8255800
8259150
8260900
8263075
8264385
8265225
8266570
8267565
8269850
8274315
8276470
8277335
8277665
8277970
8278725
8279400
8281005
8282145
8282830
8283440
8286905
8287685
8288715
8289425
8292025
8293975
8294400
8296755
8298365
8300600
8301445
8305620
8307410
8308250
8311490
8312185
8313650
8314985
8317590
8328565
8333675
8336095
8344275
8349430
8350210
8476540
8476985
8479310
8480240
8481675
8482380
8491555
8498165
8516715
8517210
8528855
8533315
8536140
8537795
8540010
8540545
8541365
8542105
8543380
8543890
8544505
8547605
8549695
8551060
8551585
8557280
8560215
8561420
8566800
8571305
8572365
8575150
8575595
8577040
8578740
8582335
8585810
8587265
8588490
8589205
8589695
8591370
8595110
8595845
8596455
8597290
8597805
8598490
8600860
8602105
8602745
8604560
8605055
8608525
8611430
8613575
8616025
8617085
8617525
8621065
8623595
8625100
8625615
8627100
8627625
8629330
8630270
8631465
8632020
8633365
8636195
8639745
8641260
8642085
8643395
8644365
8645320
8647085
8647860
8650280
8651755
8653860
8655555
8657320
8657745
8658275
8658630
8659210
8659755
8660960
8663720
8664145
8664820
8665445
8671225
8672385
8674860
8675395
8676110
8676620
8680425
8681000
8681780
8682510
8683005
8683875
8685145
8685760
8686175
8686840
8687615
8688065
8688470
8689385
8689680
8690205
8691345
8691770
8692205
8692615
8694460
8694900
8695320
8695750
8699025
8737260
9411580
9743975
9745635
9748780
9751370
9752115
9754215
9755870
9763200
9764635
9765615
9767355
9768285
9769775
9770260
9770870
9771365
9772115
9772680
9773480
9777155
9779190
9787080
9791650
9793835
9795315
9797510
9798285
9799350
9806140
9807970
9815545
9816545
9818045
9818495
9819270
9821315
9822020
9822675
9823360
9825000
9826570
9827735
9829425
9829860
9833170
9833620
9834150
9834730
9835105
9835965
9836490
9836965
9837545
9838065
9838735
9839465
9840045
9840480
9845525
9957520
9964920
9966280
10245070
11253685
11256390
11581470
11584955
11599510
11626590
11627850
12042690
12457680
12496925
12655325
12908955
13037650
13497590
13498115
13498750
13499195
13499905
13937970
13941305
14293860
14294765
14295525
14298305
14298720
14301675
14304310
14306300
14307300
14311425
14311770
14312605
14314385
14314840
14320650
14323420
14326050
14328260
14329420
14344160
14345335
14345895
14349445
14350280
14352765
14369305
14370060
14370275
14371305
14373310
14376165
14377695
14380110
14380605
14380890
14381730
14382680
14383265
14383775
14389940
14390270
14391125
14392500
14392955
14393630
14395895
14396245
14399405
14399880
14400375
14401990
14402525
14414335
14414780
14417070
14629900
14630080
14780905
15861860
15883000
16037140
16305465
17182710
17244625
17248680
17264095
17333785
17676355
17678790
18190425
18191760
18192925
18208920
18223110
18247825
18248255
18261400
18262185
18264710
18266440
18270120
18270960
18271580
18271975
18273125
